<?xml version="1.0"?>
<opencv_storage>
<depth_d type_id="opencv-matrix">
  <rows>5</rows>
  <cols>1</cols>
  <dt>d</dt>
  <data>
    1.3233852069010548e+00 -2.3049851624558073e+01
    -1.7590550832847138e-01 1.7921813189122435e-02
    2.4033934315990055e+02</data></depth_d>
</opencv_storage>
