<?xml version="1.0"?>
<opencv_storage>
<depth_d type_id="opencv-matrix">
  <rows>5</rows>
  <cols>1</cols>
  <dt>d</dt>
  <data>
    -3.0338511813828448e-02 8.2647935277036133e-01
    -4.1787749036556431e-02 6.4066633845714475e-03
    -1.3663966407508028e+00</data></depth_d>
</opencv_storage>
