<?xml version="1.0"?>
<opencv_storage>
<depth_cm type_id="opencv-matrix">
  <rows>3</rows>
  <cols>3</cols>
  <dt>d</dt>
  <data>
    6.1705779158320615e+02 0. 3.3626154801126160e+02 0.
    6.2827397081043443e+02 2.2238513165779034e+02 0. 0. 1.</data></depth_cm>
</opencv_storage>
