<?xml version="1.0"?>
<opencv_storage>
<depth_h type_id="opencv-matrix">
  <rows>3</rows>
  <cols>3</cols>
  <dt>d</dt>
  <data>
    1.1310408988936345e+00 -1.2857450909738111e-02
    -6.2882637624201926e+01 5.9661202177667905e-02
    1.0504699987014905e+00 -5.4792264852625856e+01
    1.0543634012864725e-04 -1.8588610616274629e-06 1.</data></depth_h>
</opencv_storage>
