<?xml version="1.0"?>
<opencv_storage>
<rgb_d type_id="opencv-matrix">
  <rows>5</rows>
  <cols>1</cols>
  <dt>d</dt>
  <data>
    7.7534398204668464e-01 -3.7367388937015389e+00
    -1.2771295221036080e-01 1.0266478703840466e-02
    9.5818645961725757e+00</data></rgb_d>
</opencv_storage>
