<?xml version="1.0"?>
<opencv_storage>
<rgb_cm type_id="opencv-matrix">
  <rows>3</rows>
  <cols>3</cols>
  <dt>d</dt>
  <data>
    4.3506258462571174e+02 0. 3.1948652095990553e+02 0.
    4.6423779318745761e+02 2.3696938387056369e+02 0. 0. 1.</data></rgb_cm>
</opencv_storage>
