<?xml version="1.0"?>
<opencv_storage>
<rgb_d type_id="opencv-matrix">
  <rows>5</rows>
  <cols>1</cols>
  <dt>f</dt>
  <data>
    5.55716357e+03 1.01274614e+01 -7.25180531e+00 -4.09699135e+01
    4.55229217e-03</data></rgb_d>
</opencv_storage>
