<?xml version="1.0"?>
<opencv_storage>
<rgb_cm type_id="opencv-matrix">
  <rows>3</rows>
  <cols>3</cols>
  <dt>f</dt>
  <data>
    6.30182148e+04 0. 1.55345612e+02 0. 1.29538867e+04 2.81299896e+02 0.
    0. 1.</data></rgb_cm>
</opencv_storage>
