<?xml version="1.0"?>
<opencv_storage>
<rgb_h type_id="opencv-matrix">
  <rows>3</rows>
  <cols>3</cols>
  <dt>d</dt>
  <data>
    8.8609663197298927e-01 3.9112154669733185e-03 5.6562471055887997e+01
    -5.3781624704968035e-02 9.5289390985959810e-01
    4.9257061277333456e+01 -8.4771057433952009e-05
    -1.6754072390345389e-05 9.9999999999999989e-01</data></rgb_h>
</opencv_storage>
