<?xml version="1.0"?>
<opencv_storage>
<rgb_d type_id="opencv-matrix">
  <rows>5</rows>
  <cols>1</cols>
  <dt>d</dt>
  <data>
    3.0334009637547060e-01 -4.1817612069007720e-01
    -3.1347072535036324e-02 2.1861720093822704e-02
    2.4228726489794963e-01</data></rgb_d>
</opencv_storage>
