<?xml version="1.0"?>
<opencv_storage>
<rgb_cm type_id="opencv-matrix">
  <rows>3</rows>
  <cols>3</cols>
  <dt>d</dt>
  <data>
    5.2763499598647945e+02 0. 3.4471850630465178e+02 0.
    5.3279291354015174e+02 2.4276221759865362e+02 0. 0. 1.</data></rgb_cm>
</opencv_storage>
