<?xml version="1.0"?>
<opencv_storage>
<Rotation type_id="opencv-matrix">
  <rows>3</rows>
  <cols>3</cols>
  <dt>d</dt>
  <data>
    9.9995159492222374e-01 -6.0013784105521512e-03
    -7.7968756354290193e-03 7.7583110439006370e-03
    9.6829348820302352e-01 2.4969487242105576e-01 6.0511504895414342e-03
    -2.4974327650768613e-01 9.6829317844181795e-01</data></Rotation>
</opencv_storage>
