<?xml version="1.0"?>
<opencv_storage>
<Rotation type_id="opencv-matrix">
  <rows>3</rows>
  <cols>3</cols>
  <dt>d</dt>
  <data>
    9.9981681805980005e-01 -1.6735287385056005e-03
    1.9066452903934644e-02 1.5210045003408688e-03 9.9996675219584186e-01
    8.0113075218546971e-03 -1.9079226139613336e-02
    -7.9808398343268784e-03 9.9978612179078197e-01</data></Rotation>
</opencv_storage>
