<?xml version="1.0"?>
<opencv_storage>
<translation type_id="opencv-matrix">
  <rows>3</rows>
  <cols>1</cols>
  <dt>d</dt>
  <data>
    1.1947099237711543e+00 -5.6285904443001380e+00
    1.3173325274727476e+01</data></translation>
</opencv_storage>
