<?xml version="1.0"?>
<opencv_storage>
<translation type_id="opencv-matrix">
  <rows>3</rows>
  <cols>1</cols>
  <dt>d</dt>
  <data>
    9.4745896161346776e-01 1.5437670224538835e-01 1.0207003146906224e+00</data></translation>
</opencv_storage>
