<?xml version="1.0"?>
<opencv_storage>
<depth_h type_id="opencv-matrix">
  <rows>3</rows>
  <cols>3</cols>
  <dt>d</dt>
  <data>
    1.0054808004577129e+00 -4.5987000120545928e-02
    -2.4729003846726787e+01 2.1359556444906426e-02
    9.3839467271473120e-01 -1.8949874653537943e+01
    4.0806587498335413e-06 -1.1733554045827751e-04 1.</data></depth_h>
</opencv_storage>
