<?xml version="1.0"?>
<opencv_storage>
<rgb_d type_id="opencv-matrix">
  <rows>5</rows>
  <cols>1</cols>
  <dt>d</dt>
  <data>
    2.6451622333009589e-01 -8.3990749424620825e-01
       -1.9922302173693159e-03 1.4371995932897616e-03
       9.1192465078713847e-01</data></rgb_d>
</opencv_storage>
