<?xml version="1.0"?>
<opencv_storage>
<rgb_cm type_id="opencv-matrix">
  <rows>3</rows>
  <cols>3</cols>
  <dt>d</dt>
  <data>
    5.2921508098293293e+02 0. 3.2894272028759258e+02 0.
       5.2556393630057437e+02 2.6748068171871557e+02 0. 0. 1.</data></rgb_cm>
</opencv_storage>
