<?xml version="1.0"?>
<opencv_storage>
<rgb_h type_id="opencv-matrix">
  <rows>3</rows>
  <cols>3</cols>
  <dt>d</dt>
  <data>
    9.8755439598619310e-01 4.8863908106191185e-02 2.6287226690469154e+01
    -2.2795839305550902e-02 1.0566943551139580e+00
    2.0883513925246124e+01 -7.1545230637534047e-06
    1.1321136038806983e-04 1.</data></rgb_h>
</opencv_storage>
