<?xml version="1.0"?>
<opencv_storage>
<Rotation type_id="opencv-matrix">
  <rows>3</rows>
  <cols>3</cols>
  <dt>d</dt>
  <data>
    9.9984628826577793e-01 1.2635359098409581e-03
-1.7487233004436643e-02 -1.4779096108364480e-03
9.9992385683542895e-01 -1.2251380107679535e-02
1.7470421412464927e-02 1.2275341476520762e-02
9.9977202419716948e-01</data></Rotation>
</opencv_storage>
