<?xml version="1.0"?>
<opencv_storage>
<translation type_id="opencv-matrix">
  <rows>3</rows>
  <cols>1</cols>
  <dt>d</dt>
  <data>
    1.9985242312092553e-02 -7.4423738761617583e-04
-1.0916736334336222e-02</data></translation>
</opencv_storage>
